Step | Time,s | Coordinate | Force, N
0 0 0 -0.7917495901850602
1 1.8101840019226074 [-0.20664484818244797, 0.4163183803571301, 0.24753950059462015, -0.004771833825686081, 3.141273427374702, -0.014388299878626306] -0.6873052639131578
2 4.626049995422363 [-0.20665224818267386, 0.41631742228233626, 0.24656012017415424, -0.004910310397810164, 3.141300067042455, -0.014377108945833538] -0.8851761852368373
3 7.340700149536133 [-0.2066532728260967, 0.41630166999813834, 0.24552463761332122, -0.004954220791510569, 3.1412605194509955, -0.014477125629935274] -0.730779678478957
4 10.054052829742432 [-0.2066607514427795, 0.4163042800915142, 0.24457618620593027, -0.004961252318223224, 3.141334448572173, -0.014330945605929561] -0.5338279633349182
5 12.76625370979309 [-0.2066609769714359, 0.41630340948794065, 0.24357863937910113, -0.0048546790174797344, 3.1413599891925212, -0.014322039092400391] -0.7121421012411667
6 15.57969355583191 [-0.20666033561776742, 0.4163068627787817, 0.2425823739973299, -0.004861276745682876, 3.1413610451223932, -0.014272542869541273] -0.41586569476438645
7 18.292356252670288 [-0.20666601055394074, 0.41630485689783864, 0.24160356782194148, -0.004792452115340042, 3.1414549691007814, -0.014258579404053054] -0.29530766707610423
8 21.004637241363525 [-0.20669453695087037, 0.41632048930376114, 0.2406463644512758, -0.004818166479681279, 3.1415296647026647, -0.014139952306999133] 0.13698078118075876
9 23.72048568725586 [-0.20670779499860234, 0.41630409548270203, 0.23963053861424827, -0.0049366745397661895, 3.1415061259429398, -0.014185965555406143] 0.3033743602781503
10 26.43423819541931 [-0.2067108637274748, 0.4163176632269703, 0.2386722147101043, -0.00496206420540047, 3.141548214384591, -0.014094910804354122] 0.6199088107424167
11 29.14771342277527 [-0.2066910521945892, 0.4163108163461454, 0.2376962591824052, 0.0048556013766034535, -3.1415156686324424, 0.014043283403411704] 0.9880823870700102
12 31.86164927482605 [-0.20670798880948757, 0.4163114920359637, 0.23671718723835952, 0.004879320856226187, -3.141452982802012, 0.014110407640082121] 1.4106279656802017
13 34.574246644973755 [-0.20671606307722756, 0.41631137615996167, 0.23572105859689757, 0.005054584465329152, -3.1414255284355894, 0.01409992575970078] 2.1317099225706855
14 37.2896683216095 [-0.2067231524191636, 0.4163162821795378, 0.2347344170332673, 0.004984368028800394, -3.141382105041467, 0.01408812155362011] 2.6800066712556645
15 40.00481820106506 [-0.2067313978160873, 0.416305892206233, 0.233696688006456, 0.004970836837525636, -3.1414804506291487, 0.014206447370615157] 3.332814952210493
