Step | Time,s | Coordinate | Force, N
0 0 0 2.9493361658568884
1 1.810460090637207 [-0.20672386750038657, 0.4163135957953885, 0.23472289545242286, 0.005003904418915976, -3.141468465759068, 0.014040251578169424] 1.4594622160960171
2 4.523792266845703 [-0.20673769413669607, 0.41630763600238013, 0.2357192657915763, 0.005035971360271932, -3.141496130426904, 0.014024258325269472] 0.9148352052455879
3 7.236017465591431 [-0.20671859820542374, 0.4163134068423679, 0.2367023752736344, 0.004973868096140213, -3.1415394272585098, 0.014035616790746077] 0.7593359135200756
4 9.948569297790527 [-0.20672995649560313, 0.41628909175554607, 0.23767331159301758, -0.005119050789734513, 3.1415150270878827, -0.014073418126108302] 0.26482292267572904
5 12.763955116271973 [-0.20670317772106797, 0.4162998342141504, 0.23865588464034307, -0.004999151252396894, 3.1415158854564047, -0.014176063909775011] -0.05006597085866861
6 15.477774381637573 [-0.20672041158558904, 0.4162975114226999, 0.2396372282600847, -0.005068834689205024, 3.1414557154001783, -0.014214702866390051] -0.5364842876420852
7 18.190983772277832 [-0.20672846592926966, 0.4162905981857477, 0.2406475053531744, -0.005043594587139887, 3.1414970959844872, -0.014248327050719217] -0.5005673618583376
8 20.905990839004517 [-0.20674604845050193, 0.41628708319259017, 0.24163049837828066, -0.004980451773495847, 3.1414457744808955, -0.014299277110902375] -0.6396472733086006
9 23.61904263496399 [-0.20673414472420087, 0.41627259008468875, 0.24264364423800752, -0.004974233236075861, 3.1414960364421796, -0.014344678564700059] -0.9260859353515859
10 26.431878328323364 [-0.20670759654096094, 0.41627381114873735, 0.24364617789306076, -0.004968619094901696, 3.1414764914221793, -0.01426213316902235] -0.891559729284844
11 29.24404001235962 [-0.2067154031042377, 0.41625975547387256, 0.24461128418130396, -0.005018439469347906, 3.1414171920657745, -0.014327359961815365] -0.9643385268375497
12 31.95717191696167 [-0.20671092702527843, 0.41627175439279634, 0.24564252626323402, -0.0049938091002487755, 3.1414567786526013, -0.01422735995950266] -0.8124940903431646
13 34.77100443840027 [-0.2067105041406691, 0.4162741492993112, 0.24662254520981627, -0.004968282467938872, 3.1414303755049233, -0.014210991206010147] -0.7653106993800259
14 37.58498215675354 [-0.20671674275963378, 0.4162740132965577, 0.24764253777179993, -0.004980908604445324, 3.141436655168676, -0.014166261268243757] -0.7698963454150402
15 40.39836859703064 [-0.20673818461705765, 0.4162755716263476, 0.2486647370751377, -0.0050120524725211, 3.1415184138158128, -0.014104995880756362] -0.6071866839151758
